Regex: / (arXiv:)[0-9]{4}.[0-9]{5} /g
// Computer Vision and Pattern Recognition
2210.05669 
2210.05668 
2210.05667 
2210.05666 
2210.05665 
2210.05657 
2210.05638 
2210.05635 
2210.05633 
2210.05626 
2210.05616 
2210.05593 
2210.05574 
2210.05568 
2210.05567 
2210.05566 
2210.05564 
2210.05559 
2210.05557 
2210.05556 
2210.05553 
2210.05534 
2210.05533 
2210.05517 
2210.05513 
2210.05509 
2210.05494 
2210.05479 
2210.05478 
2210.05463 
2210.05461 
2210.05451 
2210.05438 
2210.05437 
2210.05423 
2210.05419 
2210.05392 
2210.05391 
2210.05387 
2210.05366 
2210.05361 
2210.05357 
2210.05335 
2210.05332 
2210.05318 
2210.05313 
2210.05311 
2210.05298 
2210.05282 
2210.05280 
2210.05278 
2210.05246 
2210.05242 
2210.05240 
2210.05234 
2210.05232 
2210.05210 
2210.05176 
2210.05175 
2210.05174 
2210.05171 
2210.05152 
2210.05151 
2210.05135 
2210.05130 
2210.05129 
2210.05119 
2210.05097 
2210.05063 
2210.05060 
2210.05018 
2210.05008 
2210.05001 
2210.04996 
2210.04993 
2210.04979 
2210.04977 
2210.04955 
2210.04944 
2210.04936 
2210.04935 
2210.04933 
2210.05663 
2210.05644 
2210.05546 
2210.05518 
2210.05440 
2210.05436 
2210.05398 
2210.05373 
2210.05343 
2210.05258 
2210.05177 
2210.05167 
2210.05147 
2210.05126 
2210.05118 
2210.05117 
2210.05111 
2210.05104 
2210.05073 
2210.05064 
2210.05039 
2210.05038 
2210.05023 
2210.05006 
2210.04987 
2210.04932 
2210.04898 
2210.04889 
2210.04888 
2210.04886 
2210.04885 
2210.04883 
2210.04868 
2210.04866 
2210.04864 
2210.04847 
2210.04845 
2210.04831 
2210.04816 
2210.04803 
2210.04801 
2210.04787 
2210.04776 
2210.04754 
2210.04735 
2210.04722 
2210.04708 
2210.04692 
2210.04672 
2210.04671 
2210.04655 
2210.04637 
2210.04628 
2210.04625 
2210.04615 
2210.04613 
2210.04591 
2210.04578 
2210.04574 
2210.04572 
2210.04570 
2210.04567 
2210.04563 
2210.04562 
2210.04561 
2210.04560 
2210.04559 
2210.04553 
2210.04543 
2210.04524 
2210.04522 
2210.04514 
2210.04510 
2210.04506 
2210.04485 
2210.04477 
2210.04472 
2210.04458 
2210.04432 
2210.04428 
2210.04402 
2210.04399 
2210.04393 
2210.04388 
2210.04379 
2210.04377 
2210.04369 
2210.04367 
2210.04366 
2210.04341 
2210.04331 
2210.04303 
2210.04294 
2210.04290 
2210.04288 
2210.04287 
2210.04271 
2210.04266 
2210.04265 
2210.04264 
2210.04255 
2210.04252 
2210.04244 
2210.04240 
2210.04233 
2210.04227 
2210.04218 
2210.04217 
2210.04216 
2210.04214 
2210.04213 
2210.04208 
2210.04206 
2210.04200 
2210.04183 
2210.04180 
2210.04155 
2210.04154 
2210.04153 
2210.04150 
2210.04135 
2210.04133 
2210.04127 
2210.04120 
2210.04112 
2210.04106 
2210.04104 
2210.04085 
2210.04072 
2210.04050 
2210.04026 
2210.04020 
2210.04014 
2210.04006 
2210.03974 
2210.03956 
2210.03954 
2210.03952 
2210.03951 
2210.03942 
2210.03941 
2210.03940 
2210.03929 
2210.03925 
2210.03919 
2210.03909 
2210.03904 
2210.03899 
2210.03895 
2210.03883 
2210.03879 
2210.03861 
2210.03853 
2210.03850 
2210.03838 
2210.03794 
2210.03792 
2210.03787 
2210.03786 
2210.03780 
2210.03734 
2210.04887 
2210.04843 
2210.04806 
2210.04783 
2210.04767 
2210.04643 
2210.04620 
2210.04610 
2210.04554 
2210.04466 
2210.04429 
2210.04311 
2210.04285 
2210.04236 
2210.04198 
2210.04188 
2210.04174 
2210.04158 
2210.04144 
2210.04143 
2210.04137 
2210.04108 
2210.04087 
2210.03936 
2210.03885 
2210.03837 
2210.03829 
2210.03815 
2210.03779 
2210.03773 
2210.03743 
2210.03739 
2210.03736 
2210.03735 
2210.03693 
2210.03692 
2210.03686 
2210.03683 
2210.03676 
2210.03664 
2210.03659 
2210.03651 
2210.03646 
2210.03627 
2210.03600 
2210.03592 
2210.03591 
2210.03586 
2210.03570 
2210.03558 
2210.03551 
2210.03546 
2210.03543 
2210.03529 
2210.03482 
2210.03481 
2210.03477 
2210.03461 
2210.03453 
2210.03437 
2210.03436 
2210.03435 
2210.03433 
2210.03429 
2210.03428 
2210.03417 
2210.03416 
2210.03400 
2210.03398 
2210.03382 
2210.03372 
2210.03355 
2210.03349 
2210.03339 
2210.03335 
2210.03332 
2210.03331 
2210.03299 
2210.03296 
2210.03289 
2210.03265 
2210.03261 
2210.03206 
2210.03168 
2210.03163 
2210.03158 
2210.03142 
2210.03689 
2210.03625 
2210.03612 
2210.03566 
2210.03510 
2210.03460 
2210.03347 
2210.03310 
2210.03301 
2210.03297 
2210.03270 
2210.03205 
2210.03204 
2210.03189 
2210.03180 
2210.03173 
2210.03151 
2210.03118 
2210.03117 
2210.03116 
2210.03114 
2210.03105 
2210.03103 
2210.03102 
2210.03087 
2210.03072 
2210.03061 
2210.03043 
2210.03040 
2210.03007 
2210.02995 
2210.02991 
2210.02953 
2210.02935 
2210.02884 
2210.02872 
2210.02871 
2210.02870 
2210.02843 
2210.02834 
2210.02808 
2210.02798 
2210.02785 
2210.02762 
2210.02757 
2210.02755 
2210.02748 
2210.02733 
2210.02693 
2210.02689 
2210.02665 
2210.02655 
2210.02637 
2210.02618 
2210.02607 
2210.02579 
2210.02578 
2210.02576 
2210.02523 
2210.02511 
2210.02502 
2210.02493 
2210.02476 
2210.03115 
2210.03109 
2210.02998 
2210.02992 
2210.02984 
2210.02928 
2210.02885 
2210.02745 
2210.02697 
2210.02663 
2210.02635 
2210.02553 
2210.02533 
2210.02445 
2210.02443 
2210.02442 
2210.02401 
2210.02399 
2210.02396 
2210.02391 
2210.02390 
2210.02382 
2210.02368 
2210.02365 
2210.02357 
2210.02347 
2210.02326 
2210.02324 
2210.02318 
2210.02313 
2210.02303 
2210.02299 
2210.02291 
2210.02270 
2210.02254 
2210.02249 
2210.02231 
2210.02227 
2210.02182 
2210.02149 
2210.02093 
2210.02088 
2210.02082 
2210.02081 
2210.02077 
2210.02074 
2210.02071 
2210.02060 
2210.02045 
2210.02041 
2210.02038 
2210.02036 
2210.02033 
2210.02030 
2210.02029 
2210.02025 
2210.02021 
2210.02018 
2210.02009 
2210.01987 
2210.01981 
2210.01973 
2210.01946 
2210.01936 
2210.01917 
2210.01891 
2210.01887 
2210.01886 
2210.01884 
2210.01879 
2210.01868 
2210.01857 
2210.01820 
2210.02438 
2210.02416 
2210.02349 
2210.02273 
2210.02257 
2210.02241 
2210.02191 
2210.02189 
2210.02159 
2210.02075 
2210.01964 
2210.01911 
2210.01908 
2210.01806 

// Distributed, Parallel, and Cluster Computing
2210.05333 
2210.05267 
2210.05244 
2210.05034 
2210.05618 
2210.04951 
2210.04795 
2210.04626 
2210.04623 
2210.04607 
2210.04599 
2210.04598 
2210.04595 
2210.04441 
2210.04410 
2210.04212 
2210.04080 
2210.04604 
2210.04310 
2210.04132 
2210.03936 
2210.03423 
2210.03170 
2210.03731 
2210.03521 
2210.03254 
2210.03232 
2210.03055 
2210.02987 
2210.02887 
2210.02886 
2210.02847 
2210.02695 
2210.02638 
2210.02589 
2210.02927 
2210.02882 
2210.02614 
2210.02102 
2210.01913 
2210.02341 
2210.02119 
2210.02042 

// Artificial Intelligence
2210.05327 
2210.05236 
2210.05222 
2210.05187 
2210.05173 
2210.05125 
2210.05050 
2210.05030 
2210.05027 
2210.05015 
2210.05014 
2210.05667 
2210.05665 
2210.05657 
2210.05648 
2210.05639 
2210.05613 
2210.05610 
2210.05598 
2210.05597 
2210.05579 
2210.05574 
2210.05572 
2210.05557 
2210.05549 
2210.05528 
2210.05521 
2210.05506 
2210.05498 
2210.05492 
2210.05479 
2210.05471 
2210.05454 
2210.05448 
2210.05409 
2210.05406 
2210.05398 
2210.05393 
2210.05382 
2210.05359 
2210.05357 
2210.05350 
2210.05314 
2210.05308 
2210.05304 
2210.05301 
2210.05271 
2210.05262 
2210.05261 
2210.05254 
2210.05248 
2210.05247 
2210.05246 
2210.05245 
2210.05242 
2210.05221 
2210.05212 
2210.05197 
2210.05188 
2210.05177 
2210.05176 
2210.05168 
2210.05159 
2210.05158 
2210.05150 
2210.05148 
2210.05126 
2210.05103 
2210.05096 
2210.05080 
2210.05064 
2210.05062 
2210.05037 
2210.05035 
2210.05006 
2210.04996 
2210.04995 
2210.04994 
2210.04993 
2210.04992 
2210.04988 
2210.04979 
2210.04977 
2210.04971 
2210.04964 
2210.04946 
2210.04932 
2210.04047 
2210.04772 
2210.04723 
2210.04610 
2210.04590 
2210.04537 
2210.04535 
2210.04175 
2210.04121 
2210.03994 
2210.03918 
2210.03825 
2210.04887 
2210.04883 
2210.04878 
2210.04870 
2210.04865 
2210.04864 
2210.04860 
2210.04845 
2210.04839 
2210.04834 
2210.04819 
2210.04803 
2210.04802 
2210.04782 
2210.04763 
2210.04742 
2210.04726 
2210.04689 
2210.04688 
2210.04686 
2210.04676 
2210.04675 
2210.04643 
2210.04642 
2210.04633 
2210.04613 
2210.04612 
2210.04607 
2210.04606 
2210.04604 
2210.04563 
2210.04561 
2210.04533 
2210.04530 
2210.04514 
2210.04510 
2210.04492 
2210.04458 
2210.04443 
2210.04435 
2210.04404 
2210.04400 
2210.04398 
2210.04382 
2210.04366 
2210.04365 
2210.04333 
2210.04311 
2210.04307 
2210.04303 
2210.04296 
2210.04277 
2210.04267 
2210.04252 
2210.04251 
2210.04195 
2210.04191 
2210.04186 
2210.04185 
2210.04172 
2210.04170 
2210.04157 
2210.04133 
2210.04123 
2210.04107 
2210.04104 
2210.04083 
2210.04076 
2210.04074 
2210.04018 
2210.04006 
2210.03990 
2210.03980 
2210.03970 
2210.03969 
2210.03945 
2210.03936 
2210.03930 
2210.03929 
2210.03919 
2210.03909 
2210.03907 
2210.03895 
2210.03842 
2210.03829 
2210.03826 
2210.03822 
2210.03801 
2210.03799 
2210.03768 
2210.03765 
2210.03762 
2210.03746 
2210.03745 
2210.03743 
2210.03739 
2210.03737 
2210.03736 
2210.03735 
2210.03734 
2210.03674 
2210.03553 
2210.03497 
2210.03475 
2210.03455 
2210.03233 
2210.03729 
2210.03728 
2210.03709 
2210.03696 
2210.03690 
2210.03683 
2210.03659 
2210.03651 
2210.03649 
2210.03647 
2210.03640 
2210.03629 
2210.03628 
2210.03627 
2210.03618 
2210.03612 
2210.03590 
2210.03568 
2210.03561 
2210.03555 
2210.03527 
2210.03519 
2210.03517 
2210.03516 
2210.03506 
2210.03493 
2210.03461 
2210.03427 
2210.03422 
2210.03404 
2210.03382 
2210.03380 
2210.03378 
2210.03372 
2210.03370 
2210.03353 
2210.03337 
2210.03332 
2210.03324 
2210.03296 
2210.03289 
2210.03274 
2210.03259 
2210.03250 
2210.03242 
2210.03230 
2210.03205 
2210.03204 
2210.03175 
2210.03168 
2210.03162 
2210.03158 
2210.03150 
2210.03142 
2210.03123 
2210.03122 
2210.03120 
2210.03119 
2210.03022 
2210.03021 
2210.02974 
2210.02862 
2210.02807 
2210.02769 
2210.02667 
2210.03116 
2210.03115 
2210.03113 
2210.03104 
2210.03102 
2210.03094 
2210.03093 
2210.03078 
2210.03068 
2210.03053 
2210.03050 
2210.03044 
2210.03037 
2210.03029 
2210.03005 
2210.03003 
2210.02997 
2210.02996 
2210.02991 
2210.02984 
2210.02959 
2210.02946 
2210.02940 
2210.02933 
2210.02930 
2210.02928 
2210.02914 
2210.02899 
2210.02898 
2210.02897 
2210.02891 
2210.02885 
2210.02873 
2210.02840 
2210.02830 
2210.02804 
2210.02796 
2210.02771 
2210.02762 
2210.02750 
2210.02748 
2210.02747 
2210.02702 
2210.02665 
2210.02654 
2210.02643 
2210.02642 
2210.02623 
2210.02612 
2210.02585 
2210.02576 
2210.02570 
2210.02523 
2210.02490 
2210.02487 
2210.02476 
2210.02450 
2210.02449 
2210.02447 
2210.01919 
2210.02377 
2210.02019 
2210.01984 
2210.01878 
2210.02443 
2210.02442 
2210.02414 
2210.02407 
2210.02401 
2210.02399 
2210.02396 
2210.02390 
2210.02324 
2210.02317 
2210.02300 
2210.02260 
2210.02240 
2210.02227 
2210.02224 
2210.02223 
2210.02203 
2210.02199 
2210.02192 
2210.02191 
2210.02190 
2210.02119 
2210.02089 
2210.02075 
2210.02068 
2210.02042 
2210.02041 
2210.02040 
2210.02034 
2210.01979 
2210.01974 
2210.01969 
2210.01964 
2210.01963 
2210.01959 
2210.01955 
2210.01942 
2210.01941 
2210.01940 
2210.01936 
2210.01911 
2210.01907 
2210.01892
2210.01886
2210.01881
2210.01869
2210.01860
2210.01857
2210.01848
2210.01841
2210.01840
2210.01807
2210.01806
2210.01805
2210.01803
2210.01802
2210.01801
2210.01800
2210.01799
2210.01798
2210.01797
2210.01796
2210.01795

// Machine Learning (decided we will just do the three above)